Year	Rank	Team	TodaysDollar	WinPCT	Playoffs	WorldSeries
2014	10	Angels	$128,046,500 	0.604938272	1	0
2014	29	Astros	$44,985,800 	0.432098765	0	0
2014	27	Athletics	$77,220,900 	0.543209877	1	0
2014	9	Blue Jays	$129,427,700 	0.512345679	0	0
2014	17	Braves	$97,855,673 	0.487654321	0	0
2014	15	Brewers	$102,724,338 	0.50617284	0	0
2014	13	Cardinals	$108,020,360 	0.555555556	1	0
2014	28	Cubs	$74,546,356 	0.450617284	0	0
2014	12	Diamondbacks	$111,798,833 	0.395061728	0	0
2014	1	Dodgers	$241,128,402 	0.580246914	1	0
2014	6	Giants	$148,239,158 	0.543209877	1	1
2014	24	Indians	$82,500,800 	0.524691358	0	0
2014	21	Mariners	$89,539,642 	0.537037037	0	0
2014	30	Marlins	$41,836,900 	0.475308642	0	0
2014	23	Mets	$84,281,011 	0.487654321	0	0
2014	7	Nationals	$134,366,735 	0.592592593	1	0
2014	14	Orioles	$105,084,121 	0.592592593	1	0
2014	19	Padres	$89,881,695 	0.475308642	0	0
2014	3	Phillies	$179,521,056 	0.450617284	0	0
2014	26	Pirates	$77,845,999 	0.543209877	1	0
2014	8	Rangers	$132,491,596 	0.413580247	0	0
2014	25	Rays	$82,035,490 	0.475308642	0	0
2014	5	Red Sox	$154,380,395 	0.438271605	0	0
2014	11	Reds	$112,378,771 	0.469135802	0	0
2014	16	Rockies	$99,579,071 	0.407407407	0	0
2014	18	Royals	$90,481,500 	0.549382716	1	0
2014	4	Tigers	$163,078,526 	0.555555556	1	0
2014	22	Twins	$84,912,500 	0.432098765	0	0
2014	20	White Sox	$89,551,982 	0.450617284	0	0
2014	2	Yankees	$208,830,659 	0.518518519	0	0
2013	7	Angels	$130,454,175 	0.481481481	0	0
2013	30	Astros	$23,019,666 	0.314814815	0	0
2013	26	Athletics	$70,547,790 	0.592592593	1	0
2013	9	Blue Jays	$119,878,356 	0.456790123	0	0
2013	16	Braves	$91,573,756 	0.592592593	1	0
2013	18	Brewers	$85,136,283 	0.456790123	0	0
2013	11	Cardinals	$117,526,528 	0.598765432	1	0
2013	14	Cubs	$106,390,770 	0.407407407	0	0
2013	17	Diamondbacks	$90,882,510 	0.5	0	0
2013	2	Dodgers	$220,929,529 	0.567901235	1	0
2013	6	Giants	$143,069,621 	0.469135802	0	0
2013	21	Indians	$79,831,728 	0.567901235	1	0
2013	24	Mariners	$73,471,766 	0.438271605	0	0
2013	29	Marlins	$37,068,738 	0.382716049	0	0
2013	23	Mets	$74,864,582 	0.456790123	0	0
2013	12	Nationals	$116,337,904 	0.530864198	0	0
2013	15	Orioles	$92,813,200 	0.524691358	0	0
2013	27	Padres	$68,486,472 	0.469135802	0	0
2013	3	Phillies	$168,693,428 	0.450617284	0	0
2013	20	Pirates	$81,146,100 	0.580246914	1	0
2013	10	Rangers	$118,656,702 	0.558282209	0	0
2013	28	Rays	$58,553,377 	0.564417178	1	0
2013	4	Red Sox	$153,668,610 	0.598765432	1	1
2013	13	Reds	$109,641,131 	0.555555556	1	0
2013	25	Rockies	$73,362,552 	0.456790123	0	0
2013	19	Royals	$83,121,560 	0.530864198	0	0
2013	5	Tigers	$151,382,790 	0.574074074	1	0
2013	22	Twins	$77,318,550 	0.407407407	0	0
2013	8	White Sox	$121,454,743 	0.388888889	0	0
2013	1	Yankees	$233,412,200 	0.524691358	0	0
2012	4	Angels	$159,119,721 	0.549382716	0	0
2012	28	Astros	$62,470,530 	0.339506173	0	0
2012	29	Athletics	$57,033,675 	0.580246914	1	0
2012	23	Blue Jays	$77,753,876 	0.450617284	0	0
2012	16	Braves	$85,809,240 	0.580246914	1	0
2012	10	Brewers	$100,583,562 	0.512345679	0	0
2012	9	Cardinals	$113,609,888 	0.543209877	1	0
2012	15	Cubs	$90,842,944 	0.37654321	0	0
2012	24	Diamondbacks	$76,513,378 	0.5	0	0
2012	12	Dodgers	$97,997,882 	0.530864198	0	0
2012	8	Giants	$121,149,303 	0.580246914	1	1
2012	21	Indians	$80,783,209 	0.419753086	0	0
2012	18	Mariners	$84,437,443 	0.462962963	0	0
2012	7	Marlins	$121,620,340 	0.425925926	0	0
2012	14	Mets	$96,154,602 	0.456790123	0	0
2012	20	Nationals	$83,776,227 	0.604938272	1	0
2012	19	Orioles	$83,871,869 	0.574074074	1	0
2012	30	Padres	$56,902,041 	0.469135802	0	0
2012	2	Phillies	$179,775,106 	0.5	0	0
2012	26	Pirates	$65,334,959 	0.487654321	0	0
2012	6	Rangers	$124,126,303 	0.574074074	1	0
2012	25	Rays	$66,098,705 	0.555555556	0	0
2012	3	Red Sox	$178,382,216 	0.425925926	0	0
2012	17	Reds	$84,669,724 	0.598765432	1	0
2012	22	Rockies	$80,411,658 	0.395061728	0	0
2012	27	Royals	$62,743,712 	0.444444444	0	0
2012	5	Tigers	$136,269,000 	0.543209877	1	0
2012	13	Twins	$96,907,550 	0.407407407	0	0
2012	11	White Sox	$99,827,085 	0.524691358	0	0
2012	1	Yankees	$203,901,158 	0.586419753	1	0
2011	4	Angels	$146,855,756 	0.530864198	0	0
2011	20	Astros	$74,935,640 	0.345679012	0	0
2011	21	Athletics	$70,528,690 	0.456790123	0	0
2011	23	Blue Jays	$66,321,868 	0.5	0	0
2011	15	Braves	$92,222,854 	0.549382716	0	0
2011	17	Brewers	$90,627,173 	0.592592593	1	0
2011	11	Cardinals	$111,759,586 	0.555555556	1	1
2011	6	Cubs	$132,550,169 	0.438271605	0	0
2011	25	Diamondbacks	$56,858,223 	0.580246914	1	0
2011	12	Dodgers	$110,440,339 	0.50931677	0	0
2011	8	Giants	$125,290,233 	0.530864198	0	0
2011	26	Indians	$52,142,000 	0.49382716	0	0
2011	16	Mariners	$91,716,076 	0.413580247	0	0
2011	24	Marlins	$60,360,640 	0.444444444	0	0
2011	7	Mets	$125,978,148 	0.475308642	0	0
2011	22	Nationals	$67,688,344 	0.49689441	0	0
2011	18	Orioles	$90,422,280 	0.425925926	0	0
2011	27	Padres	$48,621,288 	0.438271605	0	0
2011	2	Phillies	$183,354,962 	0.62962963	1	0
2011	28	Pirates	$47,749,820 	0.444444444	0	0
2011	13	Rangers	$97,837,220 	0.592592593	1	0
2011	29	Rays	$43,516,785 	0.561728395	1	0
2011	3	Red Sox	$171,468,224 	0.555555556	0	0
2011	19	Reds	$80,503,962 	0.487654321	0	0
2011	14	Rockies	$93,436,955 	0.450617284	0	0
2011	30	Royals	$38,293,560 	0.438271605	0	0
2011	10	Tigers	$112,042,245 	0.586419753	1	0
2011	9	Twins	$119,501,220 	0.388888889	0	0
2011	5	White Sox	$135,456,340 	0.487654321	0	0
2011	1	Yankees	$214,850,370 	0.598765432	1	0
2010	8	Angels	$114,410,614 	0.49382716	0	0
2010	13	Astros	$100,667,495 	0.469135802	0	0
2010	28	Athletics	$56,303,841 	0.5	0	0
2010	22	Blue Jays	$67,835,060 	0.524691358	0	0
2010	15	Braves	$92,021,796 	0.561728395	1	0
2010	18	Brewers	$88,408,023 	0.475308642	0	0
2010	12	Cardinals	$101,959,419 	0.530864198	0	0
2010	3	Cubs	$159,803,810 	0.462962963	0	0
2010	25	Diamondbacks	$66,182,801 	0.401234568	0	0
2010	11	Dodgers	$103,940,237 	0.49382716	0	0
2010	9	Giants	$107,519,053 	0.567901235	1	1
2010	24	Indians	$66,712,323 	0.425925926	0	0
2010	14	Mariners	$94,295,900 	0.37654321	0	0
2010	26	Marlins	$62,162,394 	0.49382716	0	0
2010	5	Mets	$146,521,007 	0.487654321	0	0
2010	23	Nationals	$66,926,000 	0.425925926	0	0
2010	17	Orioles	$88,957,625 	0.407407407	0	0
2010	29	Padres	$41,201,237 	0.555555556	0	0
2010	4	Phillies	$154,701,933 	0.598765432	1	0
2010	30	Pirates	$38,087,870 	0.351851852	0	0
2010	27	Rangers	$60,223,093 	0.555555556	1	0
2010	19	Rays	$78,396,583 	0.592592593	1	0
2010	2	Red Sox	$177,067,593 	0.549382716	0	0
2010	20	Reds	$78,220,081 	0.561728395	1	0
2010	16	Rockies	$91,807,430 	0.512345679	0	0
2010	21	Royals	$77,831,679 	0.413580247	0	0
2010	6	Tigers	$133,922,772 	0.5	0	0
2010	10	Twins	$106,339,491 	0.580246914	1	0
2010	7	White Sox	$115,027,700 	0.543209877	0	0
2010	1	Yankees	$224,903,394 	0.586419753	1	0
2009	6	Angels	$126,216,990 	0.598765432	1	0
2009	8	Astros	$114,326,020 	0.456790123	0	0
2009	26	Athletics	$69,164,100 	0.462962963	0	0
2009	16	Blue Jays	$89,397,513 	0.462962963	0	0
2009	11	Braves	$107,366,044 	0.530864198	0	0
2009	17	Brewers	$89,002,577 	0.49382716	0	0
2009	13	Cardinals	$98,266,534 	0.561728395	1	0
2009	3	Cubs	$149,637,990 	0.51552795	0	0
2009	20	Diamondbacks	$81,603,499 	0.432098765	0	0
2009	9	Dodgers	$111,460,197 	0.586419753	0	0
2009	14	Giants	$92,159,360 	0.543209877	0	0
2009	15	Indians	$90,552,874 	0.401234568	0	0
2009	10	Mariners	$109,783,624 	0.524691358	0	0
2009	30	Marlins	$40,885,740 	0.537037037	0	0
2009	2	Mets	$165,805,126 	0.432098765	0	0
2009	27	Nationals	$66,964,080 	0.364197531	0	0
2009	23	Orioles	$74,482,849 	0.395061728	0	0
2009	29	Padres	$48,544,962 	0.462962963	0	0
2009	7	Phillies	$125,434,491 	0.574074074	1	0
2009	28	Pirates	$54,049,230 	0.385093168	0	0
2009	22	Rangers	$75,678,466 	0.537037037	0	0
2009	25	Rays	$70,277,468 	0.518518519	0	0
2009	4	Red Sox	$135,138,059 	0.586419753	1	0
2009	19	Reds	$81,649,935 	0.481481481	0	0
2009	18	Rockies	$83,473,110 	0.567901235	1	0
2009	21	Royals	$78,276,460 	0.401234568	0	0
2009	5	Tigers	$127,744,511 	0.527607362	0	0
2009	24	Twins	$72,482,185 	0.533742331	1	0
2009	12	White Sox	$106,636,035 	0.487654321	0	0
2009	1	Yankees	$223,608,600 	0.635802469	1	1
2008	6	Angels	$131,137,966 	0.617283951	1	0
2008	14	Astros	$97,823,455 	0.534161491	0	0
2008	28	Athletics	$52,763,839 	0.465838509	0	0
2008	13	Blue Jays	$107,573,290 	0.530864198	0	0
2008	10	Braves	$112,602,251 	0.444444444	0	0
2008	15	Brewers	$89,031,249 	0.555555556	1	0
2008	11	Cardinals	$109,586,894 	0.530864198	0	0
2008	8	Cubs	$130,180,416 	0.602484472	1	0
2008	23	Diamondbacks	$72,822,983 	0.50617284	0	0
2008	7	Dodgers	$130,447,390 	0.518518519	1	0
2008	17	Giants	$84,253,950 	0.444444444	0	0
2008	16	Indians	$86,867,073 	0.5	0	0
2008	9	Mariners	$129,433,130 	0.37654321	0	0
2008	30	Marlins	$23,992,650 	0.52173913	0	0
2008	2	Mets	$151,572,714 	0.549382716	0	0
2008	26	Nationals	$60,457,100 	0.366459627	0	0
2008	22	Orioles	$73,915,871 	0.422360248	0	0
2008	19	Padres	$81,045,378 	0.388888889	0	0
2008	12	Phillies	$108,096,868 	0.567901235	1	1
2008	27	Pirates	$53,558,761 	0.413580247	0	0
2008	21	Rangers	$74,483,559 	0.487654321	0	0
2008	29	Rays	$48,202,657 	0.598765432	1	0
2008	4	Red Sox	$146,729,039 	0.586419753	1	0
2008	18	Reds	$81,529,465 	0.456790123	0	0
2008	20	Rockies	$75,521,050 	0.456790123	0	0
2008	24	Royals	$64,070,050 	0.462962963	0	0
2008	3	Tigers	$151,453,716 	0.456790123	0	0
2008	25	Twins	$62,626,043 	0.539877301	0	0
2008	5	White Sox	$133,308,265 	0.54601227	1	0
2008	1	Yankees	$229,989,735 	0.549382716	0	0
2007	4	Angels	$125,639,033 	0.580246914	1	0
2007	14	Astros	$100,922,850 	0.450617284	0	0
2007	17	Athletics	$91,271,981 	0.469135802	0	0
2007	16	Blue Jays	$94,234,220 	0.512345679	0	0
2007	15	Braves	$100,384,458 	0.518518519	0	0
2007	19	Brewers	$81,634,475 	0.512345679	0	0
2007	11	Cardinals	$103,829,846 	0.481481481	0	0
2007	8	Cubs	$114,620,882 	0.524691358	1	0
2007	26	Diamondbacks	$59,877,678 	0.555555556	1	0
2007	6	Dodgers	$124,722,703 	0.50617284	0	0
2007	12	Giants	$103,751,914 	0.438271605	0	0
2007	23	Indians	$70,924,257 	0.592592593	1	0
2007	7	Mariners	$122,429,958 	0.543209877	0	0
2007	29	Marlins	$35,083,050 	0.438271605	0	0
2007	3	Mets	$132,516,412 	0.543209877	0	0
2007	28	Nationals	$42,949,625 	0.450617284	0	0
2007	10	Orioles	$107,588,029 	0.425925926	0	0
2007	24	Padres	$66,827,152 	0.54601227	0	0
2007	13	Phillies	$102,842,445 	0.549382716	1	0
2007	27	Pirates	$44,318,508 	0.419753086	0	0
2007	21	Rangers	$78,566,476 	0.462962963	0	0
2007	30	Rays	$27,742,025 	0.407407407	0	0
2007	2	Red Sox	$164,480,146 	0.592592593	1	1
2007	20	Reds	$79,240,727 	0.444444444	0	0
2007	25	Rockies	$62,587,600 	0.552147239	1	0
2007	22	Royals	$76,746,975 	0.425925926	0	0
2007	9	Tigers	$109,457,424 	0.543209877	0	0
2007	18	Twins	$82,155,425 	0.487654321	0	0
2007	5	White Sox	$124,972,608 	0.444444444	0	0
2007	1	Yankees	$218,084,902 	0.580246914	1	0
2006	3	Angels	$122,096,960 	0.549382716	0	0
2006	8	Astros	$109,210,774 	0.50617284	0	0
2006	21	Athletics	$73,446,833 	0.574074074	1	0
2006	16	Blue Jays	$84,859,700 	0.537037037	0	0
2006	9	Braves	$106,385,114 	0.487654321	0	0
2006	24	Brewers	$67,930,633 	0.462962963	0	0
2006	11	Cardinals	$104,891,818 	0.51552795	1	1
2006	7	Cubs	$111,420,909 	0.407407407	0	0
2006	23	Diamondbacks	$70,427,387 	0.469135802	0	0
2006	6	Dodgers	$116,167,681 	0.543209877	1	0
2006	10	Giants	$106,266,574 	0.472049689	0	0
2006	25	Indians	$66,117,170 	0.481481481	0	0
2006	13	Mariners	$103,792,603 	0.481481481	0	0
2006	30	Marlins	$17,698,230 	0.481481481	0	0
2006	5	Mets	$119,280,256 	0.598765432	1	0
2006	20	Nationals	$74,508,740 	0.438271605	0	0
2006	15	Orioles	$85,650,987 	0.432098765	0	0
2006	17	Padres	$82,478,038 	0.543209877	1	0
2006	12	Phillies	$104,162,533 	0.524691358	0	0
2006	27	Pirates	$55,126,945 	0.413580247	0	0
2006	18	Rangers	$80,509,821 	0.49382716	0	0
2006	29	Rays	$41,793,201 	0.37654321	0	0
2006	2	Red Sox	$141,717,792 	0.530864198	0	0
2006	22	Reds	$71,873,232 	0.49382716	0	0
2006	28	Rockies	$48,654,940 	0.469135802	0	0
2006	26	Royals	$55,806,920 	0.382716049	0	0
2006	14	Tigers	$97,483,182 	0.586419753	1	0
2006	19	Twins	$74,807,287 	0.592592593	1	0
2006	4	White Sox	$121,245,787 	0.555555556	0	0
2006	1	Yankees	$229,702,433 	0.598765432	1	0
2005	8	Angels	$106,841,893 	0.586419753	1	0
2005	12	Astros	$93,670,380 	0.54601227	1	0
2005	21	Athletics	$67,619,430 	0.543209877	0	0
2005	25	Blue Jays	$55,777,790 	0.49382716	0	0
2005	10	Braves	$105,477,908 	0.555555556	1	0
2005	27	Brewers	$48,720,496 	0.5	0	0
2005	5	Cardinals	$112,370,336 	0.617283951	1	0
2005	9	Cubs	$106,180,178 	0.487654321	0	0
2005	16	Diamondbacks	$77,261,583 	0.475308642	0	0
2005	11	Dodgers	$101,307,580 	0.438271605	0	0
2005	6	Giants	$110,043,390 	0.462962963	0	0
2005	26	Indians	$50,633,050 	0.574074074	0	0
2005	7	Mariners	$107,060,287 	0.425925926	0	0
2005	22	Marlins	$63,816,777 	0.512345679	0	0
2005	3	Mets	$123,593,102 	0.512345679	0	0
2005	23	Nationals	$59,269,430 	0.5	0	0
2005	14	Orioles	$90,175,486 	0.456790123	0	0
2005	17	Padres	$77,214,816 	0.50617284	1	0
2005	4	Phillies	$116,536,840 	0.543209877	0	0
2005	28	Pirates	$46,522,260 	0.413580247	0	0
2005	20	Rangers	$68,135,780 	0.487654321	0	0
2005	30	Rays	$36,208,462 	0.413580247	0	0
2005	2	Red Sox	$150,676,253 	0.586419753	1	0
2005	18	Reds	$75,508,951 	0.447852761	0	0
2005	24	Rockies	$58,749,100 	0.413580247	0	0
2005	29	Royals	$44,994,820 	0.345679012	0	0
2005	15	Tigers	$84,292,240 	0.438271605	0	0
2005	19	Twins	$68,546,920 	0.512345679	0	0
2005	13	White Sox	$91,717,160 	0.611111111	1	1
2005	1	Yankees	$254,134,317 	0.586419753	1	0
2004	3	Angels	$126,673,680 	0.567901235	1	0
2004	12	Astros	$95,000,220 	0.567901235	1	0
2004	16	Athletics	$74,876,340 	0.561728395	0	0
2004	21	Blue Jays	$63,021,420 	0.416149068	0	0
2004	8	Braves	$113,629,950 	0.592592593	1	0
2004	30	Brewers	$34,685,910 	0.416149068	0	0
2004	9	Cardinals	$104,867,700 	0.648148148	1	0
2004	7	Cubs	$114,105,600 	0.549382716	0	0
2004	13	Diamondbacks	$87,923,745 	0.314814815	0	0
2004	6	Dodgers	$117,056,521 	0.574074074	1	0
2004	10	Giants	$103,344,149 	0.561728395	0	0
2004	27	Indians	$43,242,318 	0.49382716	0	0
2004	11	Mariners	$102,709,951 	0.388888889	0	0
2004	25	Marlins	$53,100,233 	0.512345679	0	0
2004	4	Mets	$121,792,822 	0.438271605	0	0
2004	26	Nationals	$51,908,850 	0.413580247	0	0
2004	20	Orioles	$65,045,400 	0.481481481	0	0
2004	17	Padres	$69,784,890 	0.537037037	0	0
2004	5	Phillies	$117,456,150 	0.530864198	0	0
2004	28	Pirates	$40,607,191 	0.447204969	0	0
2004	18	Rangers	$69,363,525 	0.549382716	0	0
2004	29	Rays	$37,241,400 	0.434782609	0	0
2004	2	Red Sox	$160,396,110 	0.604938272	1	1
2004	24	Reds	$58,735,215 	0.469135802	0	0
2004	14	Rockies	$82,460,910 	0.419753086	0	0
2004	22	Royals	$59,987,340 	0.358024691	0	0
2004	23	Tigers	$59,008,320 	0.444444444	0	0
2004	19	Twins	$67,517,100 	0.567901235	1	0
2004	15	White Sox	$82,167,750 	0.512345679	0	0
2004	1	Yankees	$232,084,377 	0.62345679	1	0
2003	12	Angels	$101,950,850 	0.475308642	0	0
2003	14	Astros	$91,641,600 	0.537037037	0	0
2003	23	Athletics	$64,836,476 	0.592592593	1	0
2003	21	Blue Jays	$66,137,010 	0.530864198	0	0
2003	3	Braves	$137,054,330 	0.62345679	1	0
2003	28	Brewers	$52,408,830 	0.419753086	0	0
2003	8	Cardinals	$108,084,799 	0.524691358	0	0
2003	11	Cubs	$103,030,150 	0.543209877	1	0
2003	10	Diamondbacks	$104,047,530 	0.518518519	0	0
2003	4	Dodgers	$136,575,680 	0.524691358	0	0
2003	9	Giants	$106,879,295 	0.621118012	1	0
2003	26	Indians	$62,674,436 	0.419753086	0	0
2003	7	Mariners	$112,177,325 	0.574074074	0	0
2003	25	Marlins	$62,887,500 	0.561728395	1	1
2003	2	Mets	$151,157,593 	0.409937888	0	0
2003	20	Nationals	$67,013,565 	0.512345679	0	0
2003	13	Orioles	$95,301,975 	0.435582822	0	0
2003	27	Padres	$58,320,900 	0.395061728	0	0
2003	15	Phillies	$91,306,200 	0.530864198	0	0
2003	19	Pirates	$70,708,033 	0.462962963	0	0
2003	5	Rangers	$133,504,250 	0.438271605	0	0
2003	30	Rays	$25,322,700 	0.388888889	0	0
2003	6	Red Sox	$128,930,985 	0.586419753	1	0
2003	17	Reds	$76,568,810 	0.425925926	0	0
2003	16	Rockies	$86,661,770 	0.456790123	0	0
2003	29	Royals	$52,268,220 	0.512345679	0	0
2003	24	Tigers	$63,426,720 	0.265432099	0	0
2003	18	Twins	$71,601,450 	0.555555556	1	0
2003	22	White Sox	$65,802,900 	0.530864198	0	0
2003	1	Yankees	$197,047,260 	0.619631902	1	0
2002	15	Angels	$81,472,600 	0.611111111	1	1
2002	14	Astros	$83,751,910 	0.518518519	0	0
2002	28	Athletics	$52,805,500 	0.635802469	1	0
2002	11	Blue Jays	$101,460,920 	0.481481481	0	0
2002	7	Braves	$123,380,884 	0.627329193	1	0
2002	21	Brewers	$66,379,940 	0.345679012	0	0
2002	13	Cardinals	$98,552,355 	0.598765432	1	0
2002	12	Cubs	$99,911,900 	0.413580247	0	0
2002	4	Diamondbacks	$135,722,399 	0.604938272	1	0
2002	5	Dodgers	$125,203,258 	0.567901235	0	0
2002	10	Giants	$103,355,782 	0.586419753	1	0
2002	9	Indians	$104,160,473 	0.456790123	0	0
2002	8	Mariners	$105,973,122 	0.574074074	0	0
2002	25	Marlins	$55,413,490 	0.487654321	0	0
2002	6	Mets	$124,916,343 	0.465838509	0	0
2002	29	Nationals	$51,045,060 	0.512345679	0	0
2002	16	Orioles	$79,851,403 	0.413580247	0	0
2002	26	Padres	$54,681,000 	0.407407407	0	0
2002	17	Phillies	$76,500,599 	0.49689441	0	0
2002	24	Pirates	$55,867,151 	0.447204969	0	0
2002	3	Rangers	$139,558,481 	0.444444444	0	0
2002	30	Rays	$45,381,600 	0.341614907	0	0
2002	2	Red Sox	$143,043,199 	0.574074074	0	0
2002	23	Reds	$59,466,515 	0.481481481	0	0
2002	19	Rockies	$75,043,377 	0.450617284	0	0
2002	22	Royals	$62,379,240 	0.382716049	0	0
2002	20	Tigers	$72,663,360 	0.341614907	0	0
2002	27	Twins	$53,097,000 	0.583850932	1	0
2002	18	White Sox	$75,309,740 	0.5	0	0
2002	1	Yankees	$166,225,730 	0.639751553	1	0
2001	22	Angels	$63,965,125 	0.462962963	0	0
2001	17	Astros	$80,919,474 	0.574074074	1	0
2001	29	Athletics	$45,306,405 	0.62962963	1	0
2001	10	Blue Jays	$103,040,639 	0.49382716	0	0
2001	6	Braves	$123,194,462 	0.543209877	1	0
2001	23	Brewers	$60,433,106 	0.419753086	0	0
2001	9	Cardinals	$104,966,666 	0.574074074	1	0
2001	15	Cubs	$86,451,216 	0.543209877	0	0
2001	8	Diamondbacks	$114,232,319 	0.567901235	1	1
2001	3	Dodgers	$146,201,977 	0.530864198	0	0
2001	16	Giants	$84,795,424 	0.555555556	0	0
2001	5	Indians	$124,164,401 	0.561728395	1	0
2001	11	Mariners	$100,125,918 	0.716049383	1	0
2001	26	Marlins	$47,653,750 	0.469135802	0	0
2001	4	Mets	$125,523,734 	0.50617284	0	0
2001	28	Nationals	$46,698,330 	0.419753086	0	0
2001	12	Orioles	$99,534,584 	0.388888889	0	0
2001	25	Padres	$52,102,996 	0.487654321	0	0
2001	24	Phillies	$55,829,536 	0.530864198	0	0
2001	18	Pirates	$77,399,516 	0.382716049	0	0
2001	7	Rangers	$118,768,890 	0.450617284	0	0
2001	19	Rays	$76,353,200 	0.382716049	0	0
2001	2	Red Sox	$146,965,616 	0.50931677	0	0
2001	21	Reds	$65,370,560 	0.407407407	0	0
2001	13	Rockies	$95,865,388 	0.450617284	0	0
2001	27	Royals	$47,466,150 	0.401234568	0	0
2001	20	Tigers	$66,137,264 	0.407407407	0	0
2001	30	Twins	$32,334,200 	0.524691358	0	0
2001	14	White Sox	$87,942,414 	0.512345679	0	0
2001	1	Yankees	$150,464,772 	0.590062112	1	0
2000	19	Angels	$70,748,000 	0.50617284	0	0
2000	18	Astros	$71,872,700 	0.444444444	0	0
2000	25	Athletics	$44,328,130 	0.565217391	1	0
2000	21	Blue Jays	$63,981,398 	0.512345679	0	0
2000	4	Braves	$114,170,850 	0.586419753	1	0
2000	23	Brewers	$49,380,310 	0.447852761	0	0
2000	11	Cardinals	$87,068,372 	0.586419753	1	0
2000	12	Cubs	$85,738,480 	0.401234568	0	0
2000	7	Diamondbacks	$109,337,860 	0.524691358	0	0
2000	2	Dodgers	$124,718,815 	0.530864198	0	0
2000	17	Giants	$73,886,580 	0.598765432	1	0
2000	8	Indians	$105,581,501 	0.555555556	0	0
2000	15	Mariners	$81,716,700 	0.561728395	1	0
2000	29	Marlins	$27,420,600 	0.49068323	0	0
2000	6	Mets	$110,068,472 	0.580246914	1	0
2000	24	Nationals	$46,268,179 	0.413580247	0	0
2000	3	Orioles	$114,734,853 	0.456790123	0	0
2000	16	Padres	$75,859,980 	0.469135802	0	0
2000	20	Phillies	$64,787,780 	0.401234568	0	0
2000	27	Pirates	$36,655,100 	0.425925926	0	0
2000	9	Rangers	$97,683,300 	0.438271605	0	0
2000	10	Rays	$88,882,916 	0.428571429	0	0
2000	5	Red Sox	$112,070,260 	0.524691358	0	0
2000	22	Reds	$61,020,150 	0.521472393	0	0
2000	14	Rockies	$84,613,582 	0.50617284	0	0
2000	28	Royals	$31,922,850 	0.475308642	0	0
2000	13	Tigers	$85,201,430 	0.487654321	0	0
2000	30	Twins	$21,603,210 	0.425925926	0	0
2000	26	White Sox	$42,999,420 	0.586419753	1	0
2000	1	Yankees	$128,254,799 	0.540372671	1	1
1999	13	Angels	$71,347,227 	0.432098765	0	0
1999	11	Astros	$79,063,270 	0.598765432	1	0
1999	26	Athletics	$34,534,976 	0.537037037	0	0
1999	14	Blue Jays	$68,876,426 	0.518518519	0	0
1999	3	Braves	$107,342,950 	0.635802469	1	0
1999	19	Brewers	$61,386,175 	0.459627329	0	0
1999	15	Cardinals	$66,134,919 	0.465838509	0	0
1999	10	Cubs	$79,176,955 	0.413580247	0	0
1999	9	Diamondbacks	$100,630,529 	0.617283951	1	0
1999	7	Dodgers	$101,438,174 	0.475308642	0	0
1999	16	Giants	$65,865,167 	0.530864198	0	0
1999	4	Indians	$105,616,886 	0.598765432	1	0
1999	18	Mariners	$63,451,010 	0.487654321	0	0
1999	30	Marlins	$21,664,500 	0.395061728	0	0
1999	6	Mets	$102,003,938 	0.595092025	1	0
1999	28	Nationals	$23,399,090 	0.419753086	0	0
1999	8	Orioles	$101,270,259 	0.481481481	0	0
1999	17	Padres	$65,683,016 	0.456790123	0	0
1999	23	Phillies	$43,638,595 	0.475308642	0	0
1999	25	Pirates	$34,631,262 	0.48447205	0	0
1999	2	Rangers	$116,261,285 	0.586419753	1	0
1999	21	Rays	$54,071,875 	0.425925926	0	0
1999	5	Red Sox	$102,559,600 	0.580246914	1	0
1999	20	Reds	$60,264,148 	0.588957055	0	0
1999	12	Rockies	$77,781,281 	0.444444444	0	0
1999	27	Royals	$23,633,610 	0.397515528	0	0
1999	22	Tigers	$49,992,322 	0.428571429	0	0
1999	29	Twins	$23,387,650 	0.391304348	0	0
1999	24	White Sox	$35,106,500 	0.462962963	0	0
1999	1	Yankees	$126,026,914 	0.604938272	1	1
1998	17	Angels	$56,264,020 	0.524691358	0	0
1998	15	Astros	$59,318,340 	0.62962963	1	0
1998	28	Athletics	$29,291,980 	0.456790123	0	0
1998	11	Blue Jays	$70,685,900 	0.539877301	0	0
1998	3	Braves	$86,922,560 	0.654320988	1	0
1998	22	Brewers	$47,088,771 	0.456790123	0	0
1998	6	Cardinals	$76,755,850 	0.509202454	0	0
1998	10	Cubs	$72,099,180 	0.552147239	1	0
1998	23	Diamondbacks	$42,247,290 	0.401234568	0	0
1998	12	Dodgers	$70,036,200 	0.512345679	0	0
1998	16	Giants	$58,868,419 	0.54601227	0	0
1998	4	Indians	$86,188,909 	0.549382716	1	0
1998	7	Mariners	$75,967,145 	0.472049689	0	0
1998	20	Marlins	$48,813,640 	0.333333333	0	0
1998	9	Mets	$72,357,111 	0.543209877	0	0
1998	30	Nationals	$13,434,920 	0.401234568	0	0
1998	1	Orioles	$102,795,876 	0.487654321	0	0
1998	14	Padres	$66,237,280 	0.604938272	1	0
1998	19	Phillies	$52,684,100 	0.462962963	0	0
1998	29	Pirates	$20,077,920 	0.423312883	0	0
1998	5	Rangers	$79,868,709 	0.543209877	1	0
1998	25	Rays	$36,963,550 	0.388888889	0	0
1998	8	Red Sox	$75,404,620 	0.567901235	1	0
1998	27	Reds	$32,112,700 	0.475308642	0	0
1998	13	Rockies	$69,252,666 	0.475308642	0	0
1998	21	Royals	$48,052,250 	0.447204969	0	0
1998	26	Tigers	$33,032,500 	0.401234568	0	0
1998	24	Twins	$38,226,450 	0.432098765	0	0
1998	18	White Sox	$53,786,400 	0.490797546	0	0
1998	2	Yankees	$92,213,451 	0.703703704	1	1
here
